iteration,time_used(ms),python_coverage,c_coverage
1,30.23678,16822,13559
2,54.876229,16848,13644
3,79.158583,16852,13754
4,101.10904,16852,13901
5,124.210787,16852,13952
6,4902.445377,16852,14027
7,4925.323381,16852,14063
8,4952.081557,16854,14097
9,21992.033419,16855,14760
10,22014.920171,16855,14796
11,22042.492136,16855,15043
12,22069.214593,16855,15084
13,22854.102209,16855,15120
14,22996.295818,16925,16925
15,23029.33965,16926,17231
16,23053.170569,16926,17231
17,24867.016813,16926,17334
18,26269.556627,16926,17359
19,26300.166784,16926,17430
20,249476.259358,16936,17490
21,249526.888671,16936,17490
22,249545.398666,16936,17526
23,249575.389015,16936,17738
24,249600.906363,16938,17782
25,249639.391501,16944,17782
26,249661.930327,16944,17826
27,251462.892451,16949,17892
28,251480.778309,16949,17892
29,251587.461417,16953,17950
30,251612.286247,16953,18030
31,310829.759198,16986,18348
32,311058.713929,16986,18348
33,314984.217037,16991,18424
34,315008.308684,16991,18501
35,315032.896622,16994,18542
36,315070.152919,16996,18562
37,315094.060999,16996,18601
38,315126.272406,16996,18626
39,315226.479765,16996,18626
40,315364.461211,17082,19236
41,315412.901856,17086,19269
42,315434.588238,17086,19305
43,349706.247282,17086,19427
44,349866.886266,17086,19463
45,349884.801684,17086,19498
46,350304.111866,17089,19589
47,350334.95658,17090,19596
48,350355.225027,17090,19639
49,350984.677335,17090,19729
50,385168.867721,17094,19729
51,385207.303517,17096,19732
52,385248.923636,17105,19908
53,385270.962158,17105,19944
54,388094.665912,17117,20038
55,388125.798294,17120,20071
56,388152.220775,17120,20135
57,388189.004117,17131,20327
58,388215.629428,17131,20410
59,388242.591996,17132,20410
60,388273.593015,17132,20441
61,388297.427268,17132,20516
62,388321.182399,17132,20566
63,388342.250837,17132,20602
64,388364.79096,17132,20602
65,388404.030414,17135,20671
66,388435.98578,17156,20756
67,388465.332485,17156,20756
68,423084.765684,17161,26715
69,423203.872666,17167,26831
70,423240.217671,17172,26831
71,423264.223668,17173,26831
72,423402.647445,17177,26898
73,423474.009275,17189,27000
74,423498.639124,17189,27000
75,431546.522654,17189,27038
76,431569.128014,17189,27062
77,431828.349143,17189,27074
78,431852.272045,17190,27075
79,431879.63744,17191,27114
80,653529.151918,17193,27114
81,653586.240899,17196,27150
82,653607.051266,17196,27189
83,653627.821694,17196,27225
84,653648.79703,17196,27265
85,653680.170862,17198,27322
86,653704.861381,17198,27322
87,653732.871969,17202,27356
88,653761.037795,17202,27389
89,653900.526966,17202,27389
90,701804.064057,17202,27389
91,701832.157163,17202,27389
92,701872.009003,17202,27389
93,703534.973879,17223,27770
94,703561.777314,17223,27836
95,704310.865572,17223,27872
96,704331.987375,17223,27908
97,704365.848017,17227,27908
98,704464.090997,17227,27908
99,740131.517359,17227,27908
100,740162.610714,17227,27944
