iteration,time_used(s),python_coverage,c_coverage
0,25.941818952560425,53147,14747
1,47.323891162872314,53223,14868
2,100.21216583251953,53228,14885
3,125.88836336135864,53324,15022
4,151.021080493927,53356,15103
5,173.09303545951843,53384,15157
6,199.79724025726318,53739,15516
7,254.98891830444336,54000,21723
8,316.8923921585083,55273,23637
9,368.0263783931732,55314,23673
10,393.7247779369354,55337,23717
11,451.6337995529175,55711,23796
12,476.7062931060791,55719,23798
13,501.434547662735,55727,23799
14,525.6066625118256,55812,23838
15,548.8748815059662,55816,23838
16,576.0312087535858,55897,23849
17,601.4053227901459,55931,23873
18,626.6825823783875,55936,23881
19,652.0125494003296,55943,23882
20,675.2851960659027,55947,23882
21,700.5432770252228,55948,23882
22,725.3701093196869,55954,23883
23,750.8522655963898,55968,23893
24,799.8172285556793,55972,23895
25,822.695830821991,55987,23899
26,848.1734375953674,55992,23899
27,869.8456318378448,56007,23905
28,894.0732862949371,56008,23905
29,917.0472462177277,56024,23906
30,942.1752564907074,56037,23906
31,1009.5912945270538,56204,23994
32,1039.3368253707886,56426,24060
33,1052.5382583141327,56426,24060
34,1084.0964171886444,56430,24063
35,1130.8400144577026,56440,24063
36,1153.1671855449677,56451,24063
37,1180.1512370109558,56455,24063
38,1202.2907736301422,56457,24063
39,1224.0601212978363,56473,24063
40,1279.6724925041199,56478,24065
41,1351.657636165619,56494,24066
42,1401.5832304954529,56510,24066
43,1430.1774742603302,56511,24070
44,1454.4996576309204,56527,24085
45,1558.4107775688171,56539,24100
46,1628.6439344882965,56553,24100
47,1642.5498504638672,56553,24100
48,1669.5986080169678,56558,24450
49,1694.8861668109894,56559,24450
50,1719.7167375087738,56570,24450
51,1741.5346081256866,56581,24450
52,1767.515174150467,56581,24455
53,1870.9084589481354,56581,24455
54,1899.2379693984985,56587,24455
55,1947.8505501747131,56623,24455
56,1997.5231556892395,56626,24455
57,2023.4561228752136,56631,24457
58,2056.364042043686,56668,24460
59,2081.223985671997,56668,24465
60,2108.3727300167084,56677,24466
61,2134.8523750305176,56678,24469
62,2164.9967403411865,56688,24469
63,2192.803524494171,56693,24474
64,2218.639634370804,56694,24476
65,2244.6975197792053,56694,24476
66,2273.163955450058,56703,24480
67,2333.038454055786,56714,24480
68,2356.667989253998,56724,24482
69,2382.927564382553,56738,25321
70,2408.258767604828,56738,25321
71,2433.573008775711,56750,25321
72,2456.594403743744,56753,25325
73,2510.936992406845,56753,25325
74,2587.4826169013977,56754,25338
75,2612.9595704078674,56764,25338
76,2684.153357028961,56784,25369
77,2709.3271503448486,56798,25369
78,2744.8024463653564,56798,25369
79,2815.1572589874268,56814,25369
80,2915.4140100479126,56828,25381
81,2947.05642414093,56838,25389
82,2972.3345370292664,56843,25390
83,3013.1294243335724,58000,25410
84,3042.2264080047607,58014,25420
85,3067.8392481803894,58034,25420
86,3093.221246242523,58061,25421
87,3117.2964639663696,58061,25421
88,3142.562257051468,58064,25421
89,3173.9129536151886,58064,25421
90,3199.0442354679108,58064,25421
91,3224.3325848579407,58073,25421
92,3249.39382481575,58086,25423
93,3302.743985414505,58101,25423
94,3327.276939868927,58116,25423
95,3349.495194911957,58116,25423
96,3377.4135987758636,58215,25570
97,3452.429229736328,58226,25570
98,3479.9155871868134,58227,25571
99,3506.0976350307465,58237,25571
100,3531.1729185581207,58238,25571
101,3556.998571872711,58263,25571
102,3603.0542147159576,58264,25571
103,3628.2221155166626,58270,25571
104,3651.1508638858795,58270,25578
105,3708.95964717865,58275,25580
106,3752.2442133426666,58276,25580
107,3803.3253660202026,58276,25580
108,3832.3660218715668,58307,25586
109,3857.6732499599457,58317,25586
110,3884.006417989731,58333,25613
111,3910.8969237804413,58337,25613
112,3936.708214521408,58348,25613
113,3967.6605620384216,58390,25641
114,4013.8670263290405,58393,25641
115,4066.398585796356,58454,25641
116,4089.6305990219116,58454,25641
117,4114.960164546967,58454,25641
118,4169.527737855911,58470,25641
119,4197.175458192825,58493,25641
120,4223.299370765686,58493,25641
121,4254.718180656433,58493,25642
122,4282.616771697998,58518,25649
123,4308.197313785553,58533,25649
124,4357.015166521072,58562,25651
125,4383.0416095256805,58562,25651
126,4409.030489206314,58578,25715
127,4436.735349178314,58602,25715
128,4473.360249519348,58602,25715
129,4495.486919641495,58618,25728
130,4518.917018413544,58618,25732
131,4571.494129180908,58635,25732
132,4603.206471204758,58635,25732
133,4629.846721172333,58639,25732
134,4658.095458269119,58639,25732
135,4684.430478334427,58639,25735
136,4709.219195365906,58647,25735
137,4734.404117822647,58647,25735
138,4758.732578277588,58658,25735
139,4788.635709285736,58658,25735
140,4821.863154411316,58665,25739
141,4847.997179746628,58671,25739
142,4876.196581125259,58671,25739
143,4908.13302731514,58671,25740
144,4931.565873384476,58671,25740
145,4955.950531244278,58671,25740
146,5007.418960571289,58689,25749
147,5034.267751216888,58700,25749
148,5084.952508687973,58716,25749
149,5148.69019651413,58737,25752
150,5183.061132192612,58738,25752
151,5246.795446157455,58743,25752
152,5271.03124332428,58753,25752
153,5297.263705968857,58754,25752
154,5397.344322681427,58765,25752
155,5423.837349414825,58767,25752
156,5451.331598043442,58767,25755
157,5511.743226766586,58767,25755
158,5542.627906084061,58772,25757
159,5570.35170006752,58778,25757
160,5604.411898612976,58778,25757
161,5633.158477067947,58781,25758
162,5661.092851400375,58782,25758
163,5686.62682557106,58782,25758
164,5712.809812545776,58782,25760
165,5740.682316541672,58803,25767
166,5766.701050281525,58812,25767
167,5788.778061628342,58818,25767
168,5819.124536275864,58831,25770
169,5845.843584060669,58832,25770
170,5874.8321788311005,58832,25770
171,5898.357206583023,58832,25770
172,5944.970720529556,58848,25805
173,5990.9257707595825,58867,25826
174,6041.852752447128,58888,26332
175,6066.580150127411,58889,26332
176,6092.061854839325,58889,26337
177,6123.177068710327,58951,26406
178,6146.20257973671,58951,26406
179,6170.535931348801,58952,26406
180,6223.5675230026245,58957,26406
181,6248.485165119171,58969,26406
182,6275.8162317276,58971,26415
183,6297.98134803772,58990,26415
184,6323.461297273636,58994,26415
185,6346.232235908508,59015,26437
186,6402.6332931518555,59015,26437
187,6427.648213863373,59021,26437
188,6448.874796390533,59032,26437
189,6478.691657066345,59037,26444
190,6578.828655719757,59037,26444
191,6631.800899267197,59037,26444
192,6688.535274267197,59085,26464
193,6716.258759737015,59085,26464
194,6741.687918186188,59085,26464
195,6763.798923254013,59085,26466
196,6786.569910764694,59127,27587
197,6840.553421497345,59127,27590
198,6862.8792152404785,59127,27590
199,6885.655930042267,59127,27590
200,6914.354642629623,59127,27590
201,6939.730457782745,59144,27590
202,6964.556987047195,59146,27598
203,6989.485736370087,59157,27598
204,7041.864271879196,59171,27598
205,7055.265020132065,59171,27598
206,7081.34579372406,59171,27598
207,7107.279010772705,59171,27598
208,7131.208652496338,59171,27598
209,7157.26989030838,59171,27599
210,7215.882365942001,59196,27599
211,7242.051168203354,59204,27599
212,7267.932893037796,59204,27600
213,7281.030750989914,59204,27600
214,7314.598392963409,59234,27600
215,7339.529064178467,59239,27601
216,7390.012144804001,59255,27601
217,7415.271811962128,59255,27601
218,7446.453565835953,59268,27601
219,7501.937835216522,59278,27603
220,7555.368494272232,59278,27603
221,7608.390153884888,59290,27603
222,7631.41085767746,59290,27603
223,7654.589938163757,59290,27603
224,7679.858578681946,59318,27603
225,7693.028007268906,59318,27603
226,7741.990005731583,59334,27603
227,7801.646353006363,59334,27603
228,7825.680340528488,59334,27609
229,7849.001415491104,59334,27611
230,7910.0490181446075,59335,27611
231,7935.218056917191,59336,27620
232,7992.056974887848,59342,27628
233,8015.732852220535,59345,27633
234,8041.510534524918,59345,27633
235,8084.272608041763,59361,27633
236,8106.844625711441,59361,27633
237,8131.878789424896,59368,27633
238,8193.464581727982,59385,27635
239,8218.190079689026,59395,27646
240,8242.415216445923,59395,27646
