iteration,time_used(s),python_coverage,c_coverage
0,23.84390687942505,53147,14769
1,45.57724332809448,53257,14993
2,104.54356789588928,53262,15006
3,129.33328008651733,53342,15067
4,153.42936182022095,53376,15148
5,176.54185485839844,53404,15197
6,201.22682905197144,53759,15553
7,293.49670124053955,54034,21838
8,353.9221279621124,55254,23665
9,414.92442774772644,55296,23701
10,441.5573546886444,55318,23749
11,525.9141929149628,55692,23851
12,548.8046193122864,55700,23852
13,571.0369474887848,55708,23853
14,596.1378660202026,55793,23870
15,617.1411063671112,55797,23870
16,645.8938093185425,55879,23875
17,670.9906289577484,55913,23897
18,693.9402494430542,55918,23905
19,718.7840645313263,55925,23906
20,742.3748526573181,55929,23907
21,767.7342338562012,55930,23907
22,791.921900510788,55936,23908
23,814.7293586730957,55950,23919
24,867.7957530021667,55954,23921
25,890.5185279846191,55972,23924
26,914.18479180336,55977,23924
27,936.7189660072327,55992,23930
28,962.0114216804504,55993,23930
29,986.1739189624786,56009,23930
30,1012.7091104984283,56024,23930
31,1094.66348695755,56192,24014
32,1128.8936727046967,56415,24078
33,1142.6374533176422,56415,24078
34,1178.6765248775482,56419,24081
35,1236.3243033885956,56429,24081
36,1257.0005357265472,56442,24081
37,1283.6978697776794,56442,24081
38,1306.590684890747,56444,24081
39,1331.9465370178223,56467,24081
40,1394.514769077301,56472,24083
41,1478.8704733848572,56488,24084
42,1545.3933458328247,56504,24084
43,1573.8502161502838,56505,24088
44,1598.2865824699402,56521,24103
45,1652.8323261737823,56537,24118
46,1720.2071998119354,56546,24118
47,1734.2577922344208,56546,24118
48,1758.0552604198456,56551,24466
49,1781.9927816390991,56552,24466
50,1803.5803883075714,56564,24466
51,1824.590654373169,56577,24466
52,1849.7651371955872,56577,24473
53,1907.110676765442,56577,24473
54,1932.2609372138977,56583,24473
55,1998.441678762436,56624,24473
56,2057.4821553230286,56626,24473
57,2081.595022916794,56631,24477
58,2117.070286512375,56667,24477
59,2141.4628994464874,56667,24488
60,2165.906883239746,56675,24488
61,2188.7994940280914,56676,24492
62,2217.6282665729523,56695,24492
63,2247.496448278427,56700,24497
64,2271.076013326645,56701,24499
65,2294.5958404541016,56708,24499
66,2325.156493663788,56717,24499
67,2388.227942943573,56728,24499
68,2410.865866661072,56738,24501
69,2438.4423315525055,56750,25361
70,2461.0839529037476,56750,25361
71,2489.1011111736298,56764,25361
72,2513.1960439682007,56767,25364
73,2577.836472272873,56767,25364
74,2654.490616083145,56779,25381
75,2678.626415014267,56789,25381
76,2762.0274288654327,56801,25412
77,2784.7655119895935,56812,25412
78,2822.1560413837433,56812,25412
79,2905.562838077545,56829,25412
80,2929.0452983379364,56843,25424
81,2991.0286841392517,56853,25432
82,3014.4677720069885,56858,25433
83,3085.770271062851,58082,86406
84,3117.235995531082,58096,86416
85,3131.224695920944,58109,86416
86,3154.416752099991,58133,86417
87,3176.8258440494537,58133,86417
88,3205.202736377716,58136,86417
89,3234.6597077846527,58136,86417
90,3257.64489197731,58136,86425
91,3281.7815685272217,58147,86425
92,3307.4261105060577,58160,86429
93,3311.4793648719788,58160,86429
94,3337.116865158081,58175,86429
95,3359.80038356781,58185,86429
96,3398.101734161377,58285,86555
97,3457.027642726898,58296,86555
98,3481.252603292465,58297,86556
99,3503.1164829730988,58307,86556
100,3523.7764978408813,58315,86556
101,3549.632245540619,58340,86556
102,3604.503051519394,58341,86556
103,3627.8399879932404,58347,86556
104,3652.4647047519684,58347,86559
105,3687.1024181842804,58352,86561
106,3743.1231405735016,58353,86561
107,3805.7884981632233,58354,86561
108,3838.938074350357,58384,86569
109,3863.8537199497223,58393,86569
110,3894.855479001999,58409,86596
111,3924.9974975585938,58415,86596
112,3954.310738325119,58426,86596
113,4010.5368235111237,58454,86630
114,4065.155908346176,58461,86630
115,4133.49783706665,58522,86630
116,4155.92472910881,58522,86630
117,4180.602251768112,58526,86630
118,4243.15434551239,58542,86630
119,4278.888610839844,58566,93427
120,4313.1250722408295,58566,93427
121,4351.922559499741,58566,93427
122,4387.772417783737,58586,93434
123,4416.696397066116,58602,93434
124,4476.902430534363,58632,93436
125,4514.944269418716,58632,93436
126,4542.4666912555695,58649,94337
127,4575.015307426453,58671,94337
128,4614.099103689194,58671,94337
129,4644.626027107239,58687,94350
130,4675.659774780273,58687,94354
131,4736.080552101135,58704,94354
132,4778.200084924698,58704,94354
133,4809.586799621582,58708,94354
134,4847.141793966293,58708,94354
135,4879.4663672447205,58708,94356
136,4909.092576742172,58715,94356
137,4935.106051683426,58715,94356
138,4961.828588962555,58728,94356
139,5002.516192913055,58728,94356
140,5045.655220270157,58735,94360
141,5076.408299446106,58737,94360
142,5108.960562467575,58737,94360
143,5157.863252162933,58737,94360
144,5187.511990070343,58737,94360
145,5209.229640245438,58737,94360
146,5275.935179233551,58755,94371
147,5307.205221652985,58766,94371
148,5369.149189949036,58782,94371
149,5446.213973522186,58803,94374
150,5478.016599178314,58804,94374
151,5558.114434719086,58809,94375
152,5590.921802520752,58821,94375
153,5624.717460393906,58825,94402
154,5724.784661769867,58836,94402
155,5747.530263185501,58841,94403
156,5773.478781700134,58841,94410
157,5837.466780662537,58841,94410
158,5864.09658741951,58846,94412
159,5887.570702314377,58851,94412
160,5916.878666162491,58851,94412
161,5944.5366888046265,58854,94413
162,5966.1306047439575,58855,94413
163,5990.980211496353,58855,94413
164,6014.168716907501,58855,94415
165,6043.49866771698,58881,94425
166,6070.374888420105,58898,94425
167,6093.463867664337,58904,94425
168,6148.6959183216095,58917,94429
169,6172.543657779694,58918,94429
170,6194.651913166046,58918,94429
171,6217.240077972412,58918,94429
172,6274.2083349227905,58934,94463
173,6307.324686050415,58953,94484
174,6376.94034075737,58974,94990
175,6398.918967247009,58982,94990
176,6421.176603317261,58982,94993
177,6458.760937452316,59042,95058
178,6479.691916227341,59042,95058
179,6502.063010215759,59043,95058
180,6566.434943914413,59048,95058
181,6588.716176986694,59060,95058
182,6615.358620166779,59062,95064
183,6637.770818710327,59083,95064
184,6663.361361980438,59086,95064
185,6693.221237182617,59107,95068
186,6756.2304673194885,59107,95068
187,6778.663261413574,59113,95068
188,6799.581786394119,59126,95068
189,6843.235875368118,59135,95090
190,6930.692646980286,59135,95090
191,6997.692940711975,59135,95090
192,7065.7054579257965,59181,95093
193,7092.116876363754,59181,95093
194,7117.061204910278,59181,95093
195,7140.778496265411,59181,95094
196,7167.589856624603,59227,96293
197,7271.457759141922,59227,96295
198,7303.838403463364,59227,96295
199,7327.83029794693,59228,96295
200,7354.139427185059,59228,96295
201,7377.827127456665,59245,96295
202,7399.4998116493225,59247,96304
203,7422.585227966309,59258,96304
204,7482.990417718887,59272,96304
205,7498.078499317169,59272,96304
206,7521.0516748428345,59272,96304
207,7543.285076141357,59272,96304
208,7566.4035630226135,59273,96304
209,7590.504940748215,59273,96306
210,7654.227560997009,59291,96306
211,7679.18648147583,59299,96306
212,7702.83363866806,59299,96307
213,7717.290677070618,59299,96307
214,7768.891968011856,59329,96307
215,7792.056948661804,59342,96308
216,7854.51092004776,59358,96308
217,7877.887828111649,59358,96308
218,7911.5451493263245,59371,96308
219,7983.490549564362,59383,96312
220,8047.40437579155,59383,96312
221,8113.7138023376465,59396,96312
222,8131.7151465415955,59396,96312
223,8152.418032407761,59396,96312
224,8175.810244321823,59424,96312
225,8190.743005514145,59424,96312
226,8252.196906328201,59440,96312
227,8324.44764137268,59440,96312
228,8360.020724534988,59440,96319
229,8383.84465432167,59440,96319
230,8452.823690652847,59440,96319
231,8480.787970542908,59441,96319
232,8548.828052282333,59447,96327
233,8572.616213083267,59451,96340
234,8597.248183727264,59452,96340
235,8657.442497730255,59452,96340
236,8679.262602090836,59452,96340
237,8705.218111038208,59472,96340
238,8780.002562999725,59484,96342
239,8802.126684188843,59497,96353
240,8826.095412492752,59497,96355
